1     10000   10000
10    1000    1000
20    500     500
33    303.03  303.030303030303
34    294.12  294.117647058824
36    277.78  277.777777777778
37    270.27  270.27027027027
38    263.16  263.157894736842
40    250     250
42    238.1   238.095238095238
43    232.56  232.558139534884
45    222.22  222.222222222222
48    208.33  208.333333333333
50    200     200
53    188.68  188.679245283019
56    178.57  178.571428571429
59    169.49  169.491525423729
62    161.29  161.290322580645
67    149.25  149.253731343284
71    140.85  140.845070422535
77    129.87  129.87012987013
83    120.48  120.481927710843
91    109.89  109.89010989011
100   100     100
105   95.24   95.238095238095
111   90.09   90.09009009009
118   84.75   84.745762711864
125   80      80
133   75.19   75.187969924812
143   69.93   69.93006993007
154   64.94   64.935064935065
167   59.88   59.880239520958
182   54.95   54.945054945055
200   50      50
208   48.08   48.076923076923
217   46.08   46.082949308756
227   44.05   44.052863436123
238   42.02   42.016806722689
250   40      40
263   38.02   38.022813688213
278   35.97   35.971223021583
294   34.01   34.013605442177
312   32.05   32.051282051282
333   30.03   30.03003003003
345   28.99   28.985507246377
357   28.01   28.011204481793
370   27.03   27.027027027027
385   25.97   25.974025974026
400   25      25
417   23.98   23.980815347722
435   22.99   22.988505747126
455   21.98   21.978021978022
476   21.01   21.008403361345
500   20      20
513   19.49   19.493177387914
526   19.01   19.011406844106
541   18.48   18.484288354898
556   17.99   17.985611510791
571   17.51   17.513134851138
588   17.01   17.006802721088
606   16.5    16.501650165017
625   16      16
645   15.5    15.503875968992
667   14.99   14.992503748126
690   14.49   14.492753623188
714   14.01   14.005602240896
741   13.5    13.495276653171
769   13      13.003901170351
800   12.5    12.5
833   12      12.004801920768
870   11.49   11.494252873563
909   11      11.001100110011
952   10.5    10.504201680672
1000  10      10
1020  9.8     9.803921568627
1042  9.6     9.596928982726
1064  9.4     9.398496240602
1087  9.2     9.199632014719
1111  9       9.000900090009
1136  8.8     8.802816901408
1163  8.6     8.59845227859
1190  8.4     8.403361344538
1220  8.2     8.196721311475
1250  8       8
1282  7.8     7.80031201248
1316  7.6     7.598784194529
1351  7.4     7.40192450037
1389  7.2     7.199424046076
1429  7       6.997900629811
1471  6.8     6.798096532971
1515  6.6     6.600660066007
1562  6.4     6.40204865557
1613  6.2     6.199628022319
1667  6       5.998800239952
1695  5.9     5.899705014749
1724  5.8     5.800464037123
1754  5.7     5.701254275941
1786  5.6     5.599104143337
1818  5.5     5.500550055006
1852  5.4     5.399568034557
1887  5.3     5.299417064123
1923  5.2     5.20020800832
1961  5.1     5.099439061703
2000  5       5
2041  4.9     4.899559039686
2083  4.8     4.8007681229
2128  4.7     4.699248120301
2174  4.6     4.59981600736
2222  4.5     4.500450045005
2273  4.4     4.399472063352
2326  4.3     4.299226139295
2381  4.2     4.19991600168
2439  4.1     4.10004100041
2500  4       4
2532  3.95    3.949447077409
2564  3.9     3.90015600624
2597  3.85    3.850596842511
2632  3.8     3.799392097264
2667  3.75    3.749531308586
2703  3.7     3.699593044765
2740  3.65    3.649635036496
2778  3.6     3.599712023038
2817  3.55    3.549875754349
2857  3.5     3.50017500875
2899  3.45    3.449465332873
2941  3.4     3.400204012241
2985  3.35    3.350083752094
3030  3.3     3.300330033003
3077  3.25    3.249918752031
3125  3.2     3.2
3175  3.15    3.149606299213
3226  3.1     3.099814011159
3279  3.05    3.049710277524
3333  3       3.000300030003
3356  2.98    2.979737783075
3378  2.96    2.960331557134
3401  2.94    2.940311673037
3425  2.92    2.919708029197
3448  2.9     2.900232018561
3472  2.88    2.880184331797
3497  2.86    2.859593937661
3521  2.84    2.840102243681
3546  2.82    2.820078962211
3571  2.8     2.800336040325
3597  2.78    2.780094523214
3623  2.76    2.760143527463
3650  2.74    2.739726027397
3676  2.72    2.72034820457
3704  2.7     2.699784017279
3731  2.68    2.680246582686
3759  2.66    2.660281989891
3788  2.64    2.639915522703
3817  2.62    2.61985852764
3846  2.6     2.60010400416
3876  2.58    2.579979360165
3906  2.56    2.560163850486
3937  2.54    2.54000508001
3968  2.52    2.520161290323
4000  2.5     2.5
4032  2.48    2.480158730159
4065  2.46    2.460024600246
4098  2.44    2.440214738897
4132  2.42    2.42013552759
4167  2.4     2.399808015359
4202  2.38    2.379819133746
4237  2.36    2.360160490913
4274  2.34    2.339728591483
4310  2.32    2.320185614849
4348  2.3     2.29990800368
4386  2.28    2.279981760146
4425  2.26    2.25988700565
4464  2.24    2.240143369176
4505  2.22    2.219755826859
4545  2.2     2.200220022002
4587  2.18    2.18007412252
4630  2.16    2.159827213823
4673  2.14    2.139952921036
4717  2.12    2.119991520034
4762  2.1     2.09995800084
4808  2.08    2.079866888519
4854  2.06    2.060156571899
4902  2.04    2.039983680131
4950  2.02    2.020202020202
5000  2       2
5025  1.99    1.990049751244
5051  1.98    1.979805979014
5076  1.97    1.970055161545
5102  1.96    1.960015680125
5128  1.95    1.95007800312
5155  1.94    1.939864209505
5181  1.93    1.930129318664
5208  1.92    1.920122887865
5236  1.91    1.909854851031
5263  1.9     1.90005700171
5291  1.89    1.890001890002
5319  1.88    1.880052641474
5348  1.87    1.8698578908
5376  1.86    1.860119047619
5405  1.85    1.850138760407
5435  1.84    1.839926402944
5464  1.83    1.830161054173
5495  1.82    1.819836214741
5525  1.81    1.809954751131
5556  1.8     1.799856011519
5587  1.79    1.789869339538
5618  1.78    1.779992880028
5650  1.77    1.769911504425
5682  1.76    1.759943681802
5714  1.75    1.750087504375
5747  1.74    1.740038280842
5780  1.73    1.730103806228
5814  1.72    1.71998624011
5848  1.71    1.709986320109
5882  1.7     1.70010200612
5917  1.69    1.690045631232
5952  1.68    1.680107526882
5988  1.67    1.670006680027
6024  1.66    1.660026560425
6061  1.65    1.649892756971
6098  1.64    1.639881928501
6135  1.63    1.629991850041
6173  1.62    1.619957881095
6211  1.61    1.610046691354
6250  1.6     1.6
6289  1.59    1.590077913818
6329  1.58    1.580028440512
6369  1.57    1.570105197048
6410  1.56    1.560062402496
6452  1.55    1.54990700558
6494  1.54    1.539882968894
6536  1.53    1.529987760098
6579  1.52    1.519987840097
6623  1.51    1.509889778046
6667  1.5     1.49992500375
6711  1.49    1.490090895545
6757  1.48    1.479946721918
6803  1.47    1.469939732471
6849  1.46    1.46006716309
6897  1.45    1.449905756126
6944  1.44    1.440092165899
6993  1.43    1.430001430001
7042  1.42    1.42005112184
7092  1.41    1.410039481105
7143  1.4     1.39997200056
7194  1.39    1.390047261607
7246  1.38    1.380071763732
7299  1.37    1.370050691876
7353  1.36    1.359989120087
7407  1.35    1.350074254084
7463  1.34    1.339943722364
7519  1.33    1.32996409097
7576  1.32    1.319957761352
7634  1.31    1.30992926382
7692  1.3     1.30005200208
7752  1.29    1.289989680083
7812  1.28    1.280081925243
7874  1.27    1.270002540005
7937  1.26    1.259921884843
8000  1.25    1.25
8065  1.24    1.239925604464
8130  1.23    1.230012300123
8197  1.22    1.21995852141
8264  1.21    1.210067763795
8333  1.2     1.20004800192
8403  1.19    1.1900511722
8475  1.18    1.17994100295
8547  1.17    1.170001170001
8621  1.16    1.159958241503
8696  1.15    1.14995400184
8772  1.14    1.139990880073
8850  1.13    1.129943502825
8929  1.12    1.11994624258
9009  1.11    1.110001110001
9091  1.1     1.09998900011
9174  1.09    1.09003706126
9259  1.08    1.080030240847
9346  1.07    1.069976460518
9434  1.06    1.059995760017
9524  1.05    1.04997900042
9615  1.04    1.040041601664
9709  1.03    1.029972190751
9804  1.02    1.019991840065
9901  1.01    1.009998990001
9999  1       1.000100010001